120
2 25 4
4
3 2 3
12 1000
6 0 6 3
1
Oh, what a beautiful view, I could stand here for hours.
12 1000
2 26 4
4
3 1 3
12 1000
2 27 4
4
12 1000
2 28 4
4
12 1000
2 29 4
4
12 1000
8 29 2 13 12
4
12 1000
8 29 2 13 11
8 29 3 13 12
8 28 2 13 12
8 30 2 13 12
4
12 1000
1
Aaaarrrrrggghhhh !!!!!
1
What are they ?!?
12 1000
8 29 3 13 11
8 28 2 13 11
8 30 2 13 11
8 29 4 13 12
8 28 3 13 12
8 27 2 13 12
8 30 3 13 12
8 31 2 13 12
4
12 1000
8 29 4 13 11
8 28 3 13 11
8 27 2 13 11
8 30 3 13 11
8 31 2 13 11
8 29 5 13 12
8 28 4 13 12
8 27 3 13 12
8 30 4 13 12
8 31 3 13 12
4
12 1000
8 29 5 13 11
8 28 4 13 11
8 27 3 13 11
8 30 4 13 11
8 31 3 13 11
8 29 6 13 12
8 28 5 13 12
8 27 4 13 12
8 30 5 13 12
8 31 4 13 12
4
12 1000
8 29 6 13 11
8 28 5 13 11
8 27 4 13 11
8 30 5 13 11
8 31 4 13 11
8 28 6 13 12
8 27 5 13 12
8 30 6 13 12
8 31 5 13 12
4
12 1000
8 28 6 13 11
8 27 5 13 11
8 30 6 13 11
8 31 5 13 11
8 27 6 13 12
8 31 6 13 12
4
12 1000
8 27 6 13 11
8 31 6 13 11
4 
12 1000
2 28 4
4
12 1000
2 27 4
4
12 1000
2 26 4
4
3 1 3
12 1000
2 25 4
4
3 2 3
12 1000
2 24 4
4
3 3 3 
12 1000
6 1 1 1 
1
Are you ok?
1
What did you see out there?
6 0 6 3
1
M, m, m....
1
Mmmmmm onstors !!!!
1
MONSTORS!!!
1
They flew past.....
1
.....there were lots of them......
1
.....heading toward the mountians.....