700
15
movement2.mid
13 6
5
2 11 7
9 10 6 1 1
9 11 6 2 2
9 11 5 0 0
4
3 3 3
6 0 2 2
1
My father - where is he ?!?
6 0 1 1
1
We will find him - do not worry.
6 1 1 1
1
What is your name ?
6 0 2 2
1
I am Princess TOCIA
1
Daughter of the King.
6 1 1 1
1
We must travel to the mountians.
6 0 1 1
1
I agree ZZ, but how ?
12 2000
6 1 1 1
1
The baloon, MERLIN has a baloon!
1
He said we could escape using it.
6 0 1 1
1
We must hurry, it won't be long before the RED PRIEST knows you are still alive.
6 1 1 1
1
Follow me...
12 1000
11 2
17
1
[A few moments later]
12 1000
13 8
5
9 4 4 2 3
9 7 4 2 2
9 8 4 1 1 
2 8 14 
4
12 1000
2 8 13
4
12 1000
2 8 12
4
12 1000
2 8 11
4
12 1000
2 8 10
4
12 1000
2 8 9
4
12 1000
2 8 8
4
12 1000
2 8 7
4
12 1000
2 8 6
4
3 1 1
12 1000
2 8 5
4
3 1 2
12 1000
2 8 4
4
3 1 3
12 1000
2 7 4
4
3 2 3
12 1000
2 6 4
4
3 3 3
12 1000
6 1 1 1
1
I fear the worse - with the King gone Atlantis is doomed.
6 0 1 1
1
We have no choice but to find him.
6 0 2 2
1
Before it is too late. My father is unwell.
6 0 3 2
1
I know it is more complicated - I found this.
12 1000
14 4
4
3 3 3
12 1000
4
3 2 3
12 1000
6 1 1 1
1
A book ?
6 0 3 2
1
Yes, It contains scriptures of a forgotton civilization who lived on Atlantis.
1
I think it is a warning.
6 1 1 1
1
A warning of what ?
6 0 3 2
1
A warning of something sealed under Atlantis.
1
It doesn't say what, but I think it is to do with this terror sweeping over Atlantis....
1
Only one of two things can break the seal.
12 1000
1
The force of good.... or the force of evil.
6 1 1 1
1
We must stop whatever is happening in the mountians!
1
The seal must stay closed......
6 0 3 2
1
There is, only one way into the mountians.
1
A small town due East from here marks the foot of the path into the mountians.
1
If we set off now, we should get there before any monstors do.
6 1 1 1
1
Let us board the baloon.
12 1000
6 0 1 3
1
Wait!!
14 1
4
3 2 3
12 500
2 6 5
4
3 2 2
12 500
2 6 6
9 6 8 6 1
4
3 2 1
12 500
1
I will join you!
1
I will help you fight against Evil!
6 1 1 1
1
Yes, you can help.
6 0 1 3
1
My name is MARC.
12 1000
9 6 8 0 0
4
3 2 1
12 1000
9 6 5 6 1
2 6 5
4
3 2 2 
12 2000
11 2
12 1000
17
1
And so they boarded the baloon set for the mountians
12 1000
13 9
5
15
Gradover.mid
2 13 3
4
12 1000
9 13 1 2 6
9 13 2 4 1
4
12 1000
9 13 1 2 6
9 13 2 4 1
4
12 1000
9 13 1 1 5
9 13 2 3 5
9 14 1 2 6
9 14 2 4 1
4
12 1000
2 14 3
9 13 1 0 0
9 13 2 0 0
9 14 1 1 5
9 14 2 3 5
9 15 1 2 6
9 15 2 4 1
4
12 1000
2 14 4
9 13 1 0 0
9 13 2 0 0
9 14 2 1 5
9 14 3 3 5
9 15 2 2 6
9 15 3 4 1
4
12 1000
2 14 5
9 13 2 0 0
9 13 3 0 0
9 14 3 1 5
9 14 4 3 5
9 15 3 2 6
9 15 4 4 1
4
12 1000
2 14 6
9 13 3 0 0
9 13 4 0 0
9 14 4 1 5
9 14 5 3 5
9 15 4 2 6
9 15 5 4 1
4
12 1000
9 14 9 0 0 
2 14 7
9 13 4 0 0
9 13 5 0 0
9 14 5 1 5
9 14 6 3 5
9 15 5 2 6
9 15 6 4 1
4
12 1000
2 14 8
9 13 5 0 0
9 13 6 0 0
9 14 6 1 5
9 14 7 3 5
9 15 6 2 6
9 15 7 4 1
4
12 1000
6 0 2 2
1
Wow! I can see the whole city!
12 1000
2 14 9
9 13 6 0 0
9 13 7 0 0
9 14 7 1 5
9 14 8 3 5
9 15 7 2 6
9 15 8 4 1
4
12 1000
6 0 1 1 
1
Isn't is amaizing.
12 1000
2 14 10
9 13 7 0 0
9 13 8 0 0
9 14 8 1 5
9 14 9 3 5
9 15 8 2 6
9 15 9 4 1
4
12 1000
2 14 11
9 13 8 0 0
9 13 9 0 0
9 14 9 1 5
9 14 10 3 5
9 15 9 2 6
9 15 10 4 1
4
12 1000
2 14 12
9 14 10 1 5
9 14 11 3 5
9 15 10 2 6
9 15 11 4 1
4
12 1000
2 14 13
9 14 11 1 5
9 14 12 3 5
9 15 11 2 6
9 15 12 4 1
4
12 1000
2 14 14
9 14 12 1 5
9 14 13 3 5
9 15 12 2 6
9 15 13 4 1
4
12 1000
2 14 15
9 14 13 1 5
9 14 14 3 5
9 15 13 2 6
9 15 14 4 1
4
12 1000
2 14 16
9 14 14 1 5
9 14 15 3 5
9 15 14 2 6
9 15 15 4 1
4
12 1000
2 15 16
9 14 14 0 0
9 14 15 0 0
9 15 14 1 5
9 15 15 3 5
9 16 14 2 6
9 16 15 4 1
4
12 1000
2 16 16
9 15 14 0 0
9 15 15 0 0
9 16 14 1 5
9 16 15 3 5
9 17 14 2 6
9 17 15 4 1
4
12 1000
2 17 16
9 16 14 0 0
9 16 15 0 0
9 17 14 1 5
9 17 15 3 5
9 18 14 2 6
9 18 15 4 1
4
12 1000
2 18 16
9 17  14 0 0
9 17 15 0 0
9 18 14 1 5
9 18 15 3 5
9 19 14 2 6
9 19 15 4 1
4
12 1000
2 19 16
9 18 14 0 0
9 18 15 0 0
9 19 14 1 5
9 19 15 3 5
9 20 14 2 6
9 20 15 4 1
4
12 1000
2 20 16
9 19 14 0 0
9 19 15 0 0
9 20 14 1 5
9 20 15 3 5
9 21 14 2 6
9 21 15 4 1
4
12 1000
2 21 16
9 20 14 0 0
9 20 15 0 0
9 21 14 1 5
9 21 15 3 5
9 22 14 2 6
9 22 15 4 1
4
12 1000
2 22 16
9 21 14 0 0
9 21 15 0 0
9 22 14 1 5
9 22 15 3 5
9 23 14 2 6
9 23 15 4 1
4
12 1000
2 23 16
9 22 14 0 0
9 22 15 0 0
9 23 14 1 5
9 23 15 3 5
9 24 14 2 6
9 24 15 4 1
4
12 1000
2 24 16
9 23 14 0 0
9 23 15 0 0
9 24 14 1 5
9 24 15 3 5
9 25 14 2 6
9 25 15 4 1
4
12 1000
2 25 16
9 24 14 0 0
9 24 15 0 0
9 25 14 1 5
9 25 15 3 5
9 26 14 2 6
9 26 15 4 1
4
12 1000
2 26 16
9 25 14 0 0
9 25 15 0 0
9 26 14 1 5
9 26 15 3 5
9 27 14 2 6
9 27 15 4 1
4
12 1000
2 27 16
9 26 14 0 0
9 26 15 0 0
9 27 14 1 5
9 27 15 3 5
9 28 14 2 6
9 28 15 4 1
4
12 1000
2 28 16
9 27 14 0 0
9 27 15 0 0
9 28 14 1 5
9 28 15 3 5
9 29 14 2 6
9 29 15 4 1
4
12 1000
6 0 4 3
1
Hey! A hot air baloon!
12 1000
2 29 16
9 28 14 0 0
9 28 15 0 0
9 29 14 1 5
9 29 15 3 5
9 30 14 2 6
9 30 15 4 1
4
12 1000
2 30 16
9 29 14 0 0
9 29 15 0 0
9 30 14 1 5
9 30 15 3 5
9 31 14 2 6
9 31 15 4 1
4
12 1000
2 31 16
9 30 14 0 0
9 30 15 0 0
9 31 14 1 5
9 31 15 3 5
9 32 14 2 6
9 32 15 4 1
4
12 1000
2 32 16
9 31 14 0 0
9 31 15 0 0
9 32 14 1 5
9 32 15 3 5
9 33 14 2 6
9 33 15 4 1
4
12 1000
2 33 16
9 32 14 0 0
9 32 15 0 0
9 33 14 1 5
9 33 15 3 5
9 34 14 2 6
9 34 15 4 1
4
12 1000
2 34 16
9 33 14 0 0
9 33 15 0 0
9 34 14 1 5
9 34 15 3 5
9 35 14 2 6
9 35 15 4 1
4
12 1000
6 1 1 1
1
How do you control this thing MERLIN ?
12 1000
2 35 16
9 34 14 0 0
9 34 15 0 0
9 35 14 1 5
9 35 15 3 5
9 36 14 2 6
9 36 15 4 1
4
12 1000
6 0 3 2
1
I built it, what do you expect!
12 1000
2 36 16
9 35 14 0 0
9 35 15 0 0
9 36 14 1 5
9 36 15 3 5
9 37 14 2 6
9 37 15 4 1
4
12 1000
2 37 16
9 36 14 0 0
9 36 15 0 0
9 37 14 1 5
9 37 15 3 5
9 38 14 2 6
9 38 15 4 1
4
12 1000
2 38 16
9 37 14 0 0
9 37 15 0 0
9 38 14 1 5
9 38 15 3 5
9 39 14 2 6
9 39 15 4 1
4
12 1000
2 39 16
9 38 14 0 0
9 38 15 0 0
9 39 14 1 5
9 39 15 3 5
9 40 14 2 6
9 40 15 4 1
4
12 1000
2 40 16
9 39 14 0 0
9 39 15 0 0
9 40 14 1 5
9 40 15 3 5
9 41 14 2 6
9 41 15 4 1
4
12 1000
2 41 16
9 40 14 0 0
9 40 15 0 0
9 41 14 1 5
9 41 15 3 5
9 42 14 2 6
9 42 15 4 1
4
12 1000
2 42 16
9 41 14 0 0
9 41 15 0 0
9 42 14 1 5
9 42 15 3 5
9 43 14 2 6
9 43 15 4 1
4
12 1000
2 43 16
9 42 14 0 0
9 42 15 0 0
9 43 14 1 5
9 43 15 3 5
9 44 14 2 6
9 44 15 4 1
4
12 1000
2 44 16
9 43 14 0 0
9 43 15 0 0
9 44 14 1 5
9 44 15 3 5
9 45 14 2 6
9 45 15 4 1
4
12 1000
2 45 16
9 44 14 0 0
9 44 15 0 0
9 45 14 1 5
9 45 15 3 5
9 46 14 2 6
9 46 15 4 1
4
12 1000
2 46 16
9 45 14 0 0
9 45 15 0 0
9 46 14 1 5
9 46 15 3 5
9 47 14 2 6
9 47 15 4 1
4
12 1000
2 47 16
9 46 14 0 0
9 46 15 0 0
9 47 14 1 5
9 47 15 3 5
9 48 14 2 6
9 48 15 4 1
4
12 1000
2 48 16
9 47 14 0 0
9 47 15 0 0
9 48 14 1 5
9 48 15 3 5
9 49 14 2 6
9 49 15 4 1
4
12 1000
11 2
17
1
And so the baloon was swept out of Atlantis.
12 1000
13 16
5
2 9 8
4
3 3 3