64
2 33 11
4
3 3 3
6 0 5 2
1
Not so fast...
1
I know who you are.....
1
You are the chosen one!
12 1000
1
Ha ha ha ha ha
9 35 12 0 0
9 34 12 2 5
4
3 3 3
12 1000
8 34 10 13 9
8 34 11 13 10
4
3 3 3
17
1
[Crash]
12 500
8 34 10 1 5
8 34 11 0 12
4 
3 3 3
6 0 5 2
1
I have you trapped....
12 1000
8 34 10 13 9
8 34 11 13 10
4
3 3 3
17
1
[Crash]
12 500
8 34 10 1 5
8 34 11 0 12
4 
3 3 3
6 0 5 2
1
Ha ha ha ha ha........
12 1000
8 34 10 13 9
8 34 11 13 10
4
3 3 3
17
1
[Crash]
12 1000
8 34 10 1 5
8 34 11 0 12
4 
3 3 3
12 500
9 33 12 1 6
4
3 3 3
12 1000
9 33 10 1 6
4
3 3 3
12 1000
13 12
5
 